3997.89284	0.65984
3995.96429	0.65995
3994.03574	0.66005
3992.10718	0.66012
3990.17863	0.66017
3988.25007	0.66019
3986.32152	0.66020
3984.39296	0.66024
3982.46441	0.66035
3980.53586	0.66050
3978.60730	0.66064
3976.67875	0.66077
3974.75019	0.66089
3972.82164	0.66098
3970.89309	0.66104
3968.96453	0.66108
3967.03598	0.66113
3965.10742	0.66121
3963.17887	0.66131
3961.25031	0.66141
3959.32176	0.66153
3957.39321	0.66166
3955.46465	0.66178
3953.53610	0.66189
3951.60754	0.66199
3949.67899	0.66208
3947.75044	0.66212
3945.82188	0.66214
3943.89333	0.66219
3941.96477	0.66223
3940.03622	0.66229
3938.10766	0.66242
3936.17911	0.66258
3934.25056	0.66273
3932.32200	0.66283
3930.39345	0.66288
3928.46489	0.66292
3926.53634	0.66297
3924.60778	0.66302
3922.67923	0.66308
3920.75068	0.66319
3918.82212	0.66331
3916.89357	0.66342
3914.96501	0.66350
3913.03646	0.66357
3911.10791	0.66363
3909.17935	0.66369
3907.25080	0.66376
3905.32224	0.66386
3903.39369	0.66395
3901.46513	0.66402
3899.53658	0.66407
3897.60803	0.66412
3895.67947	0.66419
3893.75092	0.66427
3891.82236	0.66433
3889.89381	0.66437
3887.96526	0.66444
3886.03670	0.66452
3884.10815	0.66458
3882.17959	0.66466
3880.25104	0.66475
3878.32248	0.66484
3876.39393	0.66494
3874.46538	0.66503
3872.53682	0.66508
3870.60827	0.66510
3868.67971	0.66510
3866.75116	0.66512
3864.82260	0.66516
3862.89405	0.66521
3860.96550	0.66528
3859.03694	0.66541
3857.10839	0.66555
3855.17983	0.66562
3853.25128	0.66562
3851.32273	0.66565
3849.39417	0.66572
3847.46562	0.66578
3845.53706	0.66579
3843.60851	0.66580
3841.67995	0.66583
3839.75140	0.66585
3837.82285	0.66589
3835.89429	0.66596
3833.96574	0.66606
3832.03718	0.66613
3830.10863	0.66615
3828.18008	0.66617
3826.25152	0.66616
3824.32297	0.66614
3822.39441	0.66609
3820.46586	0.66605
3818.53730	0.66605
3816.60875	0.66608
3814.68020	0.66611
3812.75164	0.66615
3810.82309	0.66623
3808.89453	0.66626
3806.96598	0.66621
3805.03742	0.66616
3803.10887	0.66612
3801.18032	0.66608
3799.25176	0.66605
3797.32321	0.66606
3795.39465	0.66608
3793.46610	0.66612
3791.53755	0.66615
3789.60899	0.66617
3787.68044	0.66615
3785.75188	0.66612
3783.82333	0.66607
3781.89477	0.66600
3779.96622	0.66591
3778.03767	0.66582
3776.10911	0.66578
3774.18056	0.66578
3772.25200	0.66578
3770.32345	0.66575
3768.39490	0.66571
3766.46634	0.66565
3764.53779	0.66559
3762.60923	0.66553
3760.68068	0.66545
3758.75212	0.66533
3756.82357	0.66522
3754.89502	0.66515
3752.96646	0.66508
3751.03791	0.66499
3749.10935	0.66490
3747.18080	0.66484
3745.25224	0.66474
3743.32369	0.66459
3741.39514	0.66447
3739.46658	0.66439
3737.53803	0.66429
3735.60947	0.66417
3733.68092	0.66402
3731.75237	0.66384
3729.82381	0.66369
3727.89526	0.66354
3725.96670	0.66336
3724.03815	0.66313
3722.10959	0.66288
3720.18104	0.66263
3718.25249	0.66239
3716.32393	0.66216
3714.39538	0.66190
3712.46682	0.66160
3710.53827	0.66129
3708.60972	0.66099
3706.68116	0.66063
3704.75261	0.66024
3702.82405	0.65981
3700.89550	0.65934
3698.96694	0.65886
3697.03839	0.65839
3695.10984	0.65791
3693.18128	0.65743
3691.25273	0.65690
3689.32417	0.65630
3687.39562	0.65565
3685.46706	0.65498
3683.53851	0.65425
3681.60996	0.65344
3679.68140	0.65260
3677.75285	0.65170
3675.82429	0.65073
3673.89574	0.64974
3671.96719	0.64879
3670.03863	0.64781
3668.11008	0.64681
3666.18152	0.64578
3664.25297	0.64468
3662.32441	0.64351
3660.39586	0.64226
3658.46731	0.64099
3656.53875	0.63971
3654.61020	0.63844
3652.68164	0.63720
3650.75309	0.63594
3648.82453	0.63464
3646.89598	0.63337
3644.96743	0.63213
3643.03887	0.63087
3641.11032	0.62955
3639.18176	0.62819
3637.25321	0.62681
3635.32466	0.62544
3633.39610	0.62409
3631.46755	0.62278
3629.53899	0.62148
3627.61044	0.62016
3625.68188	0.61887
3623.75333	0.61760
3621.82478	0.61631
3619.89622	0.61499
3617.96767	0.61364
3616.03911	0.61229
3614.11056	0.61095
3612.18201	0.60961
3610.25345	0.60830
3608.32490	0.60701
3606.39634	0.60572
3604.46779	0.60443
3602.53923	0.60315
3600.61068	0.60187
3598.68213	0.60055
3596.75357	0.59920
3594.82502	0.59782
3592.89646	0.59649
3590.96791	0.59522
3589.03935	0.59398
3587.11080	0.59274
3585.18225	0.59152
3583.25369	0.59033
3581.32514	0.58913
3579.39658	0.58787
3577.46803	0.58660
3575.53948	0.58533
3573.61092	0.58407
3571.68237	0.58286
3569.75381	0.58172
3567.82526	0.58061
3565.89670	0.57947
3563.96815	0.57832
3562.03960	0.57720
3560.11104	0.57610
3558.18249	0.57497
3556.25393	0.57381
3554.32538	0.57269
3552.39683	0.57159
3550.46827	0.57052
3548.53972	0.56950
3546.61116	0.56851
3544.68261	0.56753
3542.75405	0.56655
3540.82550	0.56559
3538.89695	0.56464
3536.96839	0.56368
3535.03984	0.56270
3533.11128	0.56171
3531.18273	0.56074
3529.25417	0.55980
3527.32562	0.55893
3525.39707	0.55813
3523.46851	0.55734
3521.53996	0.55655
3519.61140	0.55573
3517.68285	0.55488
3515.75430	0.55399
3513.82574	0.55310
3511.89719	0.55220
3509.96863	0.55134
3508.04008	0.55053
3506.11152	0.54977
3504.18297	0.54902
3502.25442	0.54827
3500.32586	0.54752
3498.39731	0.54677
3496.46875	0.54601
3494.54020	0.54523
3492.61165	0.54442
3490.68309	0.54360
3488.75454	0.54278
3486.82598	0.54201
3484.89743	0.54131
3482.96887	0.54068
3481.04032	0.54009
3479.11177	0.53948
3477.18321	0.53885
3475.25466	0.53820
3473.32610	0.53755
3471.39755	0.53688
3469.46899	0.53620
3467.54044	0.53554
3465.61189	0.53494
3463.68333	0.53438
3461.75478	0.53387
3459.82622	0.53339
3457.89767	0.53292
3455.96912	0.53245
3454.04056	0.53201
3452.11201	0.53157
3450.18345	0.53108
3448.25490	0.53057
3446.32634	0.53009
3444.39779	0.52966
3442.46924	0.52931
3440.54068	0.52903
3438.61213	0.52881
3436.68357	0.52862
3434.75502	0.52838
3432.82647	0.52812
3430.89791	0.52785
3428.96936	0.52758
3427.04080	0.52730
3425.11225	0.52706
3423.18369	0.52688
3421.25514	0.52676
3419.32659	0.52670
3417.39803	0.52670
3415.46948	0.52675
3413.54092	0.52681
3411.61237	0.52684
3409.68381	0.52685
3407.75526	0.52684
3405.82671	0.52682
3403.89815	0.52683
3401.96960	0.52687
3400.04104	0.52697
3398.11249	0.52713
3396.18394	0.52733
3394.25538	0.52755
3392.32683	0.52776
3390.39827	0.52793
3388.46972	0.52807
3386.54116	0.52818
3384.61261	0.52829
3382.68406	0.52839
3380.75550	0.52851
3378.82695	0.52867
3376.89839	0.52890
3374.96984	0.52918
3373.04129	0.52946
3371.11273	0.52974
3369.18418	0.53000
3367.25562	0.53022
3365.32707	0.53038
3363.39851	0.53049
3361.46996	0.53062
3359.54141	0.53082
3357.61285	0.53107
3355.68430	0.53134
3353.75574	0.53166
3351.82719	0.53202
3349.89863	0.53241
3347.97008	0.53279
3346.04153	0.53315
3344.11297	0.53347
3342.18442	0.53383
3340.25586	0.53425
3338.32731	0.53473
3336.39876	0.53529
3334.47020	0.53592
3332.54165	0.53661
3330.61309	0.53734
3328.68454	0.53810
3326.75598	0.53888
3324.82743	0.53961
3322.89888	0.54028
3320.97032	0.54092
3319.04177	0.54155
3317.11321	0.54217
3315.18466	0.54278
3313.25611	0.54341
3311.32755	0.54405
3309.39900	0.54469
3307.47044	0.54531
3305.54189	0.54588
3303.61333	0.54638
3301.68478	0.54683
3299.75623	0.54726
3297.82767	0.54771
3295.89912	0.54819
3293.97056	0.54873
3292.04201	0.54931
3290.11345	0.54994
3288.18490	0.55060
3286.25635	0.55127
3284.32779	0.55192
3282.39924	0.55256
3280.47068	0.55319
3278.54213	0.55382
3276.61358	0.55449
3274.68502	0.55525
3272.75647	0.55611
3270.82791	0.55705
3268.89936	0.55804
3266.97080	0.55908
3265.04225	0.56013
3263.11370	0.56116
3261.18514	0.56213
3259.25659	0.56308
3257.32803	0.56403
3255.39948	0.56499
3253.47093	0.56599
3251.54237	0.56703
3249.61382	0.56814
3247.68526	0.56927
3245.75671	0.57042
3243.82815	0.57154
3241.89960	0.57260
3239.97105	0.57360
3238.04249	0.57456
3236.11394	0.57550
3234.18538	0.57646
3232.25683	0.57745
3230.32827	0.57852
3228.39972	0.57964
3226.47117	0.58079
3224.54261	0.58194
3222.61406	0.58305
3220.68550	0.58409
3218.75695	0.58508
3216.82840	0.58605
3214.89984	0.58703
3212.97129	0.58802
3211.04273	0.58903
3209.11418	0.59008
3207.18562	0.59121
3205.25707	0.59237
3203.32852	0.59352
3201.39996	0.59463
3199.47141	0.59569
3197.54285	0.59671
3195.61430	0.59768
3193.68575	0.59865
3191.75719	0.59965
3189.82864	0.60070
3187.90008	0.60180
3185.97153	0.60295
3184.04297	0.60411
3182.11442	0.60526
3180.18587	0.60637
3178.25731	0.60743
3176.32876	0.60845
3174.40020	0.60944
3172.47165	0.61042
3170.54309	0.61142
3168.61454	0.61247
3166.68599	0.61357
3164.75743	0.61469
3162.82888	0.61581
3160.90032	0.61692
3158.97177	0.61799
3157.04322	0.61903
3155.11466	0.62001
3153.18611	0.62094
3151.25755	0.62186
3149.32900	0.62280
3147.40044	0.62378
3145.47189	0.62480
3143.54334	0.62582
3141.61478	0.62684
3139.68623	0.62785
3137.75767	0.62883
3135.82912	0.62976
3133.90057	0.63063
3131.97201	0.63147
3130.04346	0.63229
3128.11490	0.63313
3126.18635	0.63401
3124.25779	0.63491
3122.32924	0.63584
3120.40069	0.63675
3118.47213	0.63764
3116.54358	0.63849
3114.61502	0.63929
3112.68647	0.64008
3110.75791	0.64086
3108.82936	0.64163
3106.90081	0.64240
3104.97225	0.64317
3103.04370	0.64395
3101.11514	0.64475
3099.18659	0.64555
3097.25804	0.64634
3095.32948	0.64710
3093.40093	0.64783
3091.47237	0.64854
3089.54382	0.64920
3087.61526	0.64984
3085.68671	0.65050
3083.75816	0.65117
3081.82960	0.65183
3079.90105	0.65250
3077.97249	0.65319
3076.04394	0.65389
3074.11539	0.65457
3072.18683	0.65522
3070.25828	0.65585
3068.32972	0.65648
3066.40117	0.65709
3064.47261	0.65772
3062.54406	0.65834
3060.61551	0.65897
3058.68695	0.65963
3056.75840	0.66031
3054.82984	0.66098
3052.90129	0.66163
3050.97273	0.66225
3049.04418	0.66283
3047.11563	0.66336
3045.18707	0.66387
3043.25852	0.66436
3041.32996	0.66483
3039.40141	0.66527
3037.47286	0.66570
3035.54430	0.66613
3033.61575	0.66653
3031.68719	0.66690
3029.75864	0.66725
3027.83008	0.66758
3025.90153	0.66784
3023.97298	0.66802
3022.04442	0.66813
3020.11587	0.66822
3018.18731	0.66828
3016.25876	0.66832
3014.33021	0.66835
3012.40165	0.66837
3010.47310	0.66834
3008.54454	0.66828
3006.61599	0.66820
3004.68743	0.66806
3002.75888	0.66786
3000.83033	0.66758
2998.90177	0.66727
2996.97322	0.66693
2995.04466	0.66654
2993.11611	0.66606
2991.18755	0.66546
2989.25900	0.66473
2987.33045	0.66383
2985.40189	0.66275
2983.47334	0.66153
2981.54478	0.66018
2979.61623	0.65872
2977.68768	0.65718
2975.75912	0.65562
2973.83057	0.65408
2971.90201	0.65259
2969.97346	0.65118
2968.04490	0.64992
2966.11635	0.64881
2964.18780	0.64777
2962.25924	0.64675
2960.33069	0.64569
2958.40213	0.64459
2956.47358	0.64346
2954.54503	0.64230
2952.61647	0.64109
2950.68792	0.63975
2948.75936	0.63825
2946.83081	0.63660
2944.90225	0.63487
2942.97370	0.63318
2941.04515	0.63161
2939.11659	0.63020
2937.18804	0.62892
2935.25948	0.62771
2933.33093	0.62654
2931.40237	0.62539
2929.47382	0.62424
2927.54527	0.62314
2925.61671	0.62213
2923.68816	0.62131
2921.75960	0.62077
2919.83105	0.62068
2917.90250	0.62118
2915.97394	0.62233
2914.04539	0.62388
2912.11683	0.62540
2910.18828	0.62660
2908.25972	0.62745
2906.33117	0.62809
2904.40262	0.62861
2902.47406	0.62911
2900.54551	0.62966
2898.61695	0.63027
2896.68840	0.63096
2894.75985	0.63174
2892.83129	0.63261
2890.90274	0.63354
2888.97418	0.63451
2887.04563	0.63554
2885.11707	0.63657
2883.18852	0.63757
2881.25997	0.63851
2879.33141	0.63935
2877.40286	0.64012
2875.47430	0.64084
2873.54575	0.64160
2871.61719	0.64245
2869.68864	0.64341
2867.76009	0.64446
2865.83153	0.64550
2863.90298	0.64642
2861.97442	0.64712
2860.04587	0.64756
2858.11732	0.64780
2856.18876	0.64793
2854.26021	0.64809
2852.33165	0.64857
2850.40310	0.64981
2848.47454	0.65224
2846.54599	0.65562
2844.61744	0.65915
2842.68888	0.66223
2840.76033	0.66486
2838.83177	0.66720
2836.90322	0.66935
2834.97467	0.67139
2833.04611	0.67330
2831.11756	0.67507
2829.18900	0.67670
2827.26045	0.67818
2825.33189	0.67954
2823.40334	0.68081
2821.47479	0.68201
2819.54623	0.68314
2817.61768	0.68423
2815.68912	0.68528
2813.76057	0.68630
2811.83201	0.68728
2809.90346	0.68821
2807.97491	0.68910
2806.04635	0.68992
2804.11780	0.69068
2802.18924	0.69140
2800.26069	0.69209
2798.33214	0.69275
2796.40358	0.69338
2794.47503	0.69401
2792.54647	0.69463
2790.61792	0.69519
2788.68936	0.69569
2786.76081	0.69611
2784.83226	0.69648
2782.90370	0.69682
2780.97515	0.69716
2779.04659	0.69751
2777.11804	0.69787
2775.18949	0.69826
2773.26093	0.69866
2771.33238	0.69905
2769.40382	0.69942
2767.47527	0.69974
2765.54671	0.70001
2763.61816	0.70024
2761.68961	0.70045
2759.76105	0.70067
2757.83250	0.70092
2755.90394	0.70119
2753.97539	0.70148
2752.04683	0.70178
2750.11828	0.70209
2748.18973	0.70236
2746.26117	0.70256
2744.33262	0.70267
2742.40406	0.70273
2740.47551	0.70279
2738.54696	0.70289
2736.61840	0.70308
2734.68985	0.70335
2732.76129	0.70371
2730.83274	0.70410
2728.90418	0.70448
2726.97563	0.70482
2725.04708	0.70510
2723.11852	0.70533
2721.18997	0.70551
2719.26141	0.70569
2717.33286	0.70591
2715.40431	0.70621
2713.47575	0.70661
2711.54720	0.70711
2709.61864	0.70767
2707.69009	0.70821
2705.76153	0.70869
2703.83298	0.70907
2701.90443	0.70935
2699.97587	0.70955
2698.04732	0.70974
2696.11876	0.70997
2694.19021	0.71027
2692.26165	0.71065
2690.33310	0.71110
2688.40455	0.71160
2686.47599	0.71209
2684.54744	0.71252
2682.61888	0.71284
2680.69033	0.71309
2678.76178	0.71327
2676.83322	0.71342
2674.90467	0.71361
2672.97611	0.71387
2671.04756	0.71422
2669.11900	0.71465
2667.19045	0.71511
2665.26190	0.71552
2663.33334	0.71586
2661.40479	0.71612
2659.47623	0.71630
2657.54768	0.71640
2655.61913	0.71647
2653.69057	0.71659
2651.76202	0.71679
2649.83346	0.71709
2647.90491	0.71746
2645.97635	0.71787
2644.04780	0.71828
2642.11925	0.71862
2640.19069	0.71889
2638.26214	0.71909
2636.33358	0.71925
2634.40503	0.71941
2632.47647	0.71959
2630.54792	0.71984
2628.61937	0.72019
2626.69081	0.72060
2624.76226	0.72102
2622.83370	0.72141
2620.90515	0.72173
2618.97660	0.72198
2617.04804	0.72218
2615.11949	0.72236
2613.19093	0.72252
2611.26238	0.72270
2609.33382	0.72295
2607.40527	0.72327
2605.47672	0.72364
2603.54816	0.72400
2601.61961	0.72432
2599.69105	0.72461
2597.76250	0.72482
2595.83395	0.72498
2593.90539	0.72511
2591.97684	0.72524
2590.04828	0.72543
2588.11973	0.72566
2586.19117	0.72594
2584.26262	0.72624
2582.33407	0.72652
2580.40551	0.72676
2578.47696	0.72696
2576.54840	0.72709
2574.61985	0.72717
2572.69129	0.72721
2570.76274	0.72726
2568.83419	0.72736
2566.90563	0.72752
2564.97708	0.72772
2563.04852	0.72797
2561.11997	0.72822
2559.19142	0.72843
2557.26286	0.72859
2555.33431	0.72870
2553.40575	0.72875
2551.47720	0.72877
2549.54864	0.72881
2547.62009	0.72889
2545.69154	0.72903
2543.76298	0.72921
2541.83443	0.72944
2539.90587	0.72970
2537.97732	0.72996
2536.04877	0.73017
2534.12021	0.73033
2532.19166	0.73045
2530.26310	0.73053
2528.33455	0.73060
2526.40599	0.73069
2524.47744	0.73083
2522.54889	0.73102
2520.62033	0.73126
2518.69178	0.73153
2516.76322	0.73180
2514.83467	0.73206
2512.90611	0.73225
2510.97756	0.73239
2509.04901	0.73249
2507.12045	0.73258
2505.19190	0.73269
2503.26334	0.73286
2501.33479	0.73310
2499.40624	0.73343
2497.47768	0.73380
2495.54913	0.73418
2493.62057	0.73454
2491.69202	0.73485
2489.76346	0.73508
2487.83491	0.73524
2485.90636	0.73535
2483.97780	0.73544
2482.04925	0.73554
2480.12069	0.73572
2478.19214	0.73599
2476.26359	0.73633
2474.33503	0.73669
2472.40648	0.73704
2470.47792	0.73733
2468.54937	0.73755
2466.62081	0.73770
2464.69226	0.73777
2462.76371	0.73782
2460.83515	0.73789
2458.90660	0.73803
2456.97804	0.73827
2455.04949	0.73858
2453.12093	0.73894
2451.19238	0.73931
2449.26383	0.73964
2447.33527	0.73990
2445.40672	0.74009
2443.47816	0.74020
2441.54961	0.74027
2439.62106	0.74037
2437.69250	0.74053
2435.76395	0.74075
2433.83539	0.74106
2431.90684	0.74141
2429.97828	0.74177
2428.04973	0.74209
2426.12118	0.74233
2424.19262	0.74250
2422.26407	0.74263
2420.33551	0.74274
2418.40696	0.74289
2416.47841	0.74309
2414.54985	0.74334
2412.62130	0.74364
2410.69274	0.74396
2408.76419	0.74425
2406.83563	0.74449
2404.90708	0.74467
2402.97853	0.74480
2401.04997	0.74490
2399.12142	0.74501
2397.19286	0.74517
2395.26431	0.74538
2393.33575	0.74564
2391.40720	0.74590
2389.47865	0.74616
2387.55009	0.74636
2385.62154	0.74649
2383.69298	0.74657
2381.76443	0.74661
2379.83588	0.74666
2377.90732	0.74674
2375.97877	0.74687
2374.05021	0.74708
2372.12166	0.74733
2370.19310	0.74756
2368.26455	0.74772
2366.33600	0.74780
2364.40744	0.74782
2362.47889	0.74780
2360.55033	0.74777
2358.62178	0.74779
2356.69323	0.74792
2354.76467	0.74818
2352.83612	0.74857
2350.90756	0.74899
2348.97901	0.74935
2347.05045	0.74956
2345.12190	0.74960
2343.19335	0.74952
2341.26479	0.74937
2339.33624	0.74924
2337.40768	0.74918
2335.47913	0.74926
2333.55057	0.74949
2331.62202	0.74985
2329.69347	0.75025
2327.76491	0.75060
2325.83636	0.75083
2323.90780	0.75092
2321.97925	0.75085
2320.05070	0.75070
2318.12214	0.75054
2316.19359	0.75046
2314.26503	0.75052
2312.33648	0.75075
2310.40792	0.75108
2308.47937	0.75145
2306.55082	0.75176
2304.62226	0.75195
2302.69371	0.75197
2300.76515	0.75181
2298.83660	0.75155
2296.90805	0.75131
2294.97949	0.75118
2293.05094	0.75121
2291.12238	0.75138
2289.19383	0.75168
2287.26527	0.75203
2285.33672	0.75233
2283.40817	0.75250
2281.47961	0.75248
2279.55106	0.75231
2277.62250	0.75206
2275.69395	0.75182
2273.76539	0.75167
2271.83684	0.75167
2269.90829	0.75182
2267.97973	0.75206
2266.05118	0.75231
2264.12262	0.75249
2262.19407	0.75253
2260.26552	0.75243
2258.33696	0.75223
2256.40841	0.75200
2254.47985	0.75179
2252.55130	0.75168
2250.62274	0.75172
2248.69419	0.75190
2246.76564	0.75216
2244.83708	0.75243
2242.90853	0.75260
2240.97997	0.75265
2239.05142	0.75256
2237.12287	0.75239
2235.19431	0.75219
2233.26576	0.75206
2231.33720	0.75206
2229.40865	0.75222
2227.48009	0.75248
2225.55154	0.75277
2223.62299	0.75302
2221.69443	0.75317
2219.76588	0.75316
2217.83732	0.75301
2215.90877	0.75279
2213.98021	0.75259
2212.05166	0.75249
2210.12311	0.75254
2208.19455	0.75274
2206.26600	0.75302
2204.33744	0.75333
2202.40889	0.75355
2200.48034	0.75360
2198.55178	0.75345
2196.62323	0.75314
2194.69467	0.75277
2192.76612	0.75244
2190.83756	0.75225
2188.90901	0.75223
2186.98046	0.75236
2185.05190	0.75259
2183.12335	0.75285
2181.19479	0.75300
2179.26624	0.75296
2177.33768	0.75269
2175.40913	0.75224
2173.48058	0.75173
2171.55202	0.75128
2169.62347	0.75100
2167.69491	0.75094
2165.76636	0.75108
2163.83781	0.75135
2161.90925	0.75166
2159.98070	0.75189
2158.05214	0.75194
2156.12359	0.75175
2154.19503	0.75137
2152.26648	0.75089
2150.33793	0.75045
2148.40937	0.75018
2146.48082	0.75015
2144.55226	0.75035
2142.62371	0.75072
2140.69516	0.75116
2138.76660	0.75156
2136.83805	0.75179
2134.90949	0.75178
2132.98094	0.75154
2131.05238	0.75116
2129.12383	0.75076
2127.19528	0.75050
2125.26672	0.75049
2123.33817	0.75073
2121.40961	0.75119
2119.48106	0.75178
2117.55250	0.75234
2115.62395	0.75276
2113.69540	0.75293
2111.76684	0.75282
2109.83829	0.75254
2107.90973	0.75220
2105.98118	0.75193
2104.05263	0.75185
2102.12407	0.75202
2100.19552	0.75244
2098.26696	0.75300
2096.33841	0.75360
2094.40985	0.75408
2092.48130	0.75433
2090.55275	0.75431
2088.62419	0.75408
2086.69564	0.75373
2084.76708	0.75338
2082.83853	0.75317
2080.90998	0.75318
2078.98142	0.75343
2077.05287	0.75386
2075.12431	0.75435
2073.19576	0.75475
2071.26720	0.75496
2069.33865	0.75493
2067.41010	0.75469
2065.48154	0.75432
2063.55299	0.75394
2061.62443	0.75369
2059.69588	0.75363
2057.76732	0.75382
2055.83877	0.75420
2053.91022	0.75468
2051.98166	0.75511
2050.05311	0.75539
2048.12455	0.75548
2046.19600	0.75536
2044.26745	0.75510
2042.33889	0.75481
2040.41034	0.75462
2038.48178	0.75462
2036.55323	0.75485
2034.62467	0.75528
2032.69612	0.75580
2030.76757	0.75630
2028.83901	0.75666
2026.91046	0.75684
2024.98190	0.75683
2023.05335	0.75669
2021.12480	0.75654
2019.19624	0.75649
2017.26769	0.75662
2015.33913	0.75695
2013.41058	0.75743
2011.48202	0.75795
2009.55347	0.75841
2007.62492	0.75871
2005.69636	0.75880
2003.76781	0.75869
2001.83925	0.75849
1999.91070	0.75830
1997.98214	0.75824
1996.05359	0.75837
1994.12504	0.75870
1992.19648	0.75917
1990.26793	0.75965
1988.33937	0.76003
1986.41082	0.76022
1984.48227	0.76018
1982.55371	0.75996
1980.62516	0.75967
1978.69660	0.75941
1976.76805	0.75932
1974.83949	0.75946
1972.91094	0.75983
1970.98239	0.76032
1969.05383	0.76082
1967.12528	0.76117
1965.19672	0.76128
1963.26817	0.76114
1961.33962	0.76081
1959.41106	0.76042
1957.48251	0.76011
1955.55395	0.76005
1953.62540	0.76027
1951.69684	0.76073
1949.76829	0.76133
1947.83974	0.76192
1945.91118	0.76234
1943.98263	0.76250
1942.05407	0.76235
1940.12552	0.76199
1938.19696	0.76157
1936.26841	0.76123
1934.33986	0.76112
1932.41130	0.76133
1930.48275	0.76181
1928.55419	0.76243
1926.62564	0.76301
1924.69709	0.76342
1922.76853	0.76351
1920.83998	0.76328
1918.91142	0.76281
1916.98287	0.76225
1915.05431	0.76178
1913.12576	0.76157
1911.19721	0.76169
1909.26865	0.76210
1907.34010	0.76266
1905.41154	0.76319
1903.48299	0.76352
1901.55444	0.76356
1899.62588	0.76329
1897.69733	0.76278
1895.76877	0.76217
1893.84022	0.76165
1891.91166	0.76137
1889.98311	0.76140
1888.05456	0.76172
1886.12600	0.76219
1884.19745	0.76265
1882.26889	0.76294
1880.34034	0.76297
1878.41178	0.76271
1876.48323	0.76222
1874.55468	0.76165
1872.62612	0.76117
1870.69757	0.76089
1868.76901	0.76088
1866.84046	0.76113
1864.91191	0.76151
1862.98335	0.76188
1861.05480	0.76209
1859.12624	0.76207
1857.19769	0.76180
1855.26913	0.76134
1853.34058	0.76083
1851.41203	0.76039
1849.48347	0.76012
1847.55492	0.76006
1845.62636	0.76018
1843.69781	0.76037
1841.76926	0.76054
1839.84070	0.76056
1837.91215	0.76036
1835.98359	0.75995
1834.05504	0.75941
1832.12648	0.75885
1830.19793	0.75837
1828.26938	0.75808
1826.34082	0.75796
1824.41227	0.75791
1822.48371	0.75786
1820.55516	0.75773
1818.62660	0.75744
1816.69805	0.75695
1814.76950	0.75628
1812.84094	0.75554
1810.91239	0.75481
1808.98383	0.75418
1807.05528	0.75369
1805.12673	0.75334
1803.19817	0.75304
1801.26962	0.75265
1799.34106	0.75211
1797.41251	0.75138
1795.48395	0.75046
1793.55540	0.74937
1791.62685	0.74822
1789.69829	0.74712
1787.76974	0.74613
1785.84118	0.74527
1783.91263	0.74447
1781.98408	0.74363
1780.05552	0.74263
1778.12697	0.74137
1776.19841	0.73976
1774.26986	0.73777
1772.34130	0.73544
1770.41275	0.73291
1768.48420	0.73021
1766.55564	0.72737
1764.62709	0.72444
1762.69853	0.72142
1760.76998	0.71827
1758.84142	0.71487
1756.91287	0.71114
1754.98432	0.70708
1753.05576	0.70275
1751.12721	0.69824
1749.19865	0.69378
1747.27010	0.68959
1745.34155	0.68591
1743.41299	0.68289
1741.48444	0.68061
1739.55588	0.67912
1737.62733	0.67837
1735.69877	0.67828
1733.77022	0.67871
1731.84167	0.67955
1729.91311	0.68060
1727.98456	0.68176
1726.05600	0.68304
1724.12745	0.68449
1722.19890	0.68610
1720.27034	0.68784
1718.34179	0.68965
1716.41323	0.69148
1714.48468	0.69324
1712.55612	0.69475
1710.62757	0.69589
1708.69902	0.69661
1706.77046	0.69695
1704.84191	0.69698
1702.91335	0.69677
1700.98480	0.69640
1699.05624	0.69604
1697.12769	0.69582
1695.19914	0.69572
1693.27058	0.69561
1691.34203	0.69529
1689.41347	0.69456
1687.48492	0.69337
1685.55637	0.69175
1683.62781	0.68989
1681.69926	0.68800
1679.77070	0.68611
1677.84215	0.68427
1675.91359	0.68254
1673.98504	0.68090
1672.05649	0.67923
1670.12793	0.67736
1668.19938	0.67519
1666.27082	0.67270
1664.34227	0.66989
1662.41372	0.66697
1660.48516	0.66428
1658.55661	0.66214
1656.62805	0.66076
1654.69950	0.66016
1652.77094	0.66035
1650.84239	0.66114
1648.91384	0.66211
1646.98528	0.66295
1645.05673	0.66362
1643.12817	0.66404
1641.19962	0.66409
1639.27106	0.66383
1637.34251	0.66345
1635.41396	0.66320
1633.48540	0.66327
1631.55685	0.66365
1629.62829	0.66425
1627.69974	0.66500
1625.77119	0.66581
1623.84263	0.66658
1621.91408	0.66727
1619.98552	0.66784
1618.05697	0.66834
1616.12841	0.66893
1614.19986	0.66964
1612.27131	0.67032
1610.34275	0.67077
1608.41420	0.67099
1606.48564	0.67113
1604.55709	0.67140
1602.62854	0.67189
1600.69998	0.67246
1598.77143	0.67298
1596.84287	0.67358
1594.91432	0.67463
1592.98576	0.67650
1591.05721	0.67935
1589.12866	0.68301
1587.20010	0.68712
1585.27155	0.69128
1583.34299	0.69515
1581.41444	0.69857
1579.48588	0.70146
1577.55733	0.70390
1575.62878	0.70611
1573.70022	0.70825
1571.77167	0.71029
1569.84311	0.71217
1567.91456	0.71385
1565.98601	0.71517
1564.05745	0.71595
1562.12890	0.71610
1560.20034	0.71568
1558.27179	0.71494
1556.34323	0.71413
1554.41468	0.71341
1552.48613	0.71287
1550.55757	0.71262
1548.62902	0.71261
1546.70046	0.71265
1544.77191	0.71255
1542.84336	0.71212
1540.91480	0.71125
1538.98625	0.71001
1537.05769	0.70845
1535.12914	0.70658
1533.20058	0.70449
1531.27203	0.70233
1529.34348	0.70009
1527.41492	0.69763
1525.48637	0.69468
1523.55781	0.69099
1521.62926	0.68645
1519.70070	0.68147
1517.77215	0.67683
1515.84360	0.67334
1513.91504	0.67145
1511.98649	0.67097
1510.05793	0.67137
1508.12938	0.67228
1506.20083	0.67367
1504.27227	0.67558
1502.34372	0.67781
1500.41516	0.68010
1498.48661	0.68230
1496.55805	0.68435
1494.62950	0.68614
1492.70095	0.68754
1490.77239	0.68846
1488.84384	0.68889
1486.91528	0.68882
1484.98673	0.68820
1483.05818	0.68693
1481.12962	0.68493
1479.20107	0.68211
1477.27251	0.67832
1475.34396	0.67351
1473.41540	0.66789
1471.48685	0.66202
1469.55830	0.65661
1467.62974	0.65236
1465.70119	0.64968
1463.77263	0.64856
1461.84408	0.64851
1459.91552	0.64882
1457.98697	0.64903
1456.05842	0.64923
1454.12986	0.64967
1452.20131	0.65035
1450.27275	0.65121
1448.34420	0.65219
1446.41565	0.65313
1444.48709	0.65379
1442.55854	0.65394
1440.62998	0.65344
1438.70143	0.65232
1436.77287	0.65070
1434.84432	0.64887
1432.91577	0.64708
1430.98721	0.64558
1429.05866	0.64461
1427.13010	0.64431
1425.20155	0.64473
1423.27300	0.64589
1421.34444	0.64777
1419.41589	0.65027
1417.48733	0.65310
1415.55878	0.65587
1413.63022	0.65823
1411.70167	0.66003
1409.77312	0.66118
1407.84456	0.66172
1405.91601	0.66178
1403.98745	0.66151
1402.05890	0.66103
1400.13034	0.66039
1398.20179	0.65959
1396.27324	0.65853
1394.34468	0.65710
1392.41613	0.65521
1390.48757	0.65276
1388.55902	0.64964
1386.63047	0.64597
1384.70191	0.64241
1382.77336	0.63982
1380.84480	0.63827
1378.91625	0.63725
1376.98769	0.63652
1375.05914	0.63604
1373.13059	0.63581
1371.20203	0.63589
1369.27348	0.63636
1367.34492	0.63721
1365.41637	0.63832
1363.48782	0.63960
1361.55926	0.64101
1359.63071	0.64250
1357.70215	0.64402
1355.77360	0.64551
1353.84504	0.64690
1351.91649	0.64800
1349.98794	0.64854
1348.05938	0.64835
1346.13083	0.64739
1344.20227	0.64585
1342.27372	0.64413
1340.34516	0.64260
1338.41661	0.64150
1336.48806	0.64098
1334.55950	0.64106
1332.63095	0.64150
1330.70239	0.64193
1328.77384	0.64199
1326.84529	0.64148
1324.91673	0.64041
1322.98818	0.63909
1321.05962	0.63802
1319.13107	0.63767
1317.20251	0.63833
1315.27396	0.64000
1313.34541	0.64244
1311.41685	0.64525
1309.48830	0.64802
1307.55974	0.65038
1305.63119	0.65208
1303.70264	0.65303
1301.77408	0.65331
1299.84553	0.65315
1297.91697	0.65277
1295.98842	0.65233
1294.05986	0.65188
1292.13131	0.65138
1290.20276	0.65066
1288.27420	0.64951
1286.34565	0.64781
1284.41709	0.64566
1282.48854	0.64327
1280.55998	0.64083
1278.63143	0.63838
1276.70288	0.63599
1274.77432	0.63388
1272.84577	0.63224
1270.91721	0.63108
1268.98866	0.63030
1267.06011	0.62969
1265.13155	0.62902
1263.20300	0.62815
1261.27444	0.62706
1259.34589	0.62583
1257.41733	0.62457
1255.48878	0.62345
1253.56023	0.62261
1251.63167	0.62214
1249.70312	0.62202
1247.77456	0.62216
1245.84601	0.62243
1243.91746	0.62269
1241.98890	0.62281
1240.06035	0.62273
1238.13179	0.62250
1236.20324	0.62230
1234.27468	0.62238
1232.34613	0.62286
1230.41758	0.62372
1228.48902	0.62481
1226.56047	0.62599
1224.63191	0.62709
1222.70336	0.62794
1220.77480	0.62840
1218.84625	0.62848
1216.91770	0.62826
1214.98914	0.62783
1213.06059	0.62714
1211.13203	0.62614
1209.20348	0.62495
1207.27493	0.62384
1205.34637	0.62303
1203.41782	0.62264
1201.48926	0.62267
1199.56071	0.62303
1197.63215	0.62350
1195.70360	0.62381
1193.77505	0.62371
1191.84649	0.62304
1189.91794	0.62172
1187.98938	0.61978
1186.06083	0.61724
1184.13228	0.61421
1182.20372	0.61074
1180.27517	0.60685
1178.34661	0.60265
1176.41806	0.59831
1174.48950	0.59401
1172.56095	0.58997
1170.63240	0.58645
1168.70384	0.58367
1166.77529	0.58178
1164.84673	0.58081
1162.91818	0.58074
1160.98962	0.58143
1159.06107	0.58268
1157.13252	0.58429
1155.20396	0.58608
1153.27541	0.58792
1151.34685	0.58973
1149.41830	0.59130
1147.48975	0.59242
1145.56119	0.59290
1143.63264	0.59261
1141.70408	0.59143
1139.77553	0.58929
1137.84697	0.58628
1135.91842	0.58271
1133.98987	0.57895
1132.06131	0.57527
1130.13276	0.57192
1128.20420	0.56914
1126.27565	0.56705
1124.34710	0.56555
1122.41854	0.56446
1120.48999	0.56356
1118.56143	0.56260
1116.63288	0.56145
1114.70432	0.56022
1112.77577	0.55916
1110.84722	0.55848
1108.91866	0.55822
1106.99011	0.55837
1105.06155	0.55892
1103.13300	0.55982
1101.20444	0.56094
1099.27589	0.56213
1097.34734	0.56320
1095.41878	0.56399
1093.49023	0.56438
1091.56167	0.56439
1089.63312	0.56407
1087.70457	0.56342
1085.77601	0.56241
1083.84746	0.56106
1081.91890	0.55944
1079.99035	0.55776
1078.06179	0.55630
1076.13324	0.55521
1074.20469	0.55437
1072.27613	0.55353
1070.34758	0.55245
1068.41902	0.55101
1066.49047	0.54919
1064.56192	0.54714
1062.63336	0.54525
1060.70481	0.54398
1058.77625	0.54352
1056.84770	0.54380
1054.91914	0.54471
1052.99059	0.54610
1051.06204	0.54776
1049.13348	0.54933
1047.20493	0.55053
1045.27637	0.55119
1043.34782	0.55121
1041.41926	0.55059
1039.49071	0.54965
1037.56216	0.54895
1035.63360	0.54910
1033.70505	0.55041
1031.77649	0.55280
1029.84794	0.55585
1027.91939	0.55902
1025.99083	0.56194
1024.06228	0.56442
1022.13372	0.56649
1020.20517	0.56833
1018.27661	0.57026
1016.34806	0.57256
1014.41951	0.57537
1012.49095	0.57861
1010.56240	0.58202
1008.63384	0.58532
1006.70529	0.58833
1004.77674	0.59092
1002.84818	0.59309
1000.91963	0.59491
998.99107	0.59641
997.06252	0.59753
995.13396	0.59838
993.20541	0.59930
991.27686	0.60072
989.34830	0.60295
987.41975	0.60607
985.49119	0.61002
983.56264	0.61461
981.63408	0.61950
979.70553	0.62421
977.77698	0.62846
975.84842	0.63220
973.91987	0.63554
971.99131	0.63866
970.06276	0.64178
968.13421	0.64502
966.20565	0.64843
964.27710	0.65203
962.34854	0.65581
960.41999	0.65973
958.49143	0.66374
956.56288	0.66775
954.63433	0.67170
952.70577	0.67558
950.77722	0.67940
948.84866	0.68317
946.92011	0.68681
944.99156	0.69021
943.06300	0.69326
941.13445	0.69594
939.20589	0.69830
937.27734	0.70043
935.34878	0.70243
933.42023	0.70437
931.49168	0.70635
929.56312	0.70842
927.63457	0.71055
925.70601	0.71263
923.77746	0.71457
921.84890	0.71627
919.92035	0.71765
917.99180	0.71869
916.06324	0.71939
914.13469	0.71974
912.20613	0.71979
910.27758	0.71958
908.34903	0.71895
906.42047	0.71770
904.49192	0.71572
902.56336	0.71325
900.63481	0.71087
898.70625	0.70925
896.77770	0.70888
894.84915	0.70995
892.92059	0.71238
890.99204	0.71591
889.06348	0.72015
887.13493	0.72463
885.20638	0.72891
883.27782	0.73269
881.34927	0.73582
879.42071	0.73827
877.49216	0.74012
875.56360	0.74160
873.63505	0.74283
871.70650	0.74386
869.77794	0.74472
867.84939	0.74563
865.92083	0.74681
863.99228	0.74829
862.06372	0.74992
860.13517	0.75143
858.20662	0.75252
856.27806	0.75299
854.34951	0.75276
852.42095	0.75184
850.49240	0.75040
848.56385	0.74879
846.63529	0.74733
844.70674	0.74630
842.77818	0.74587
840.84963	0.74599
838.92107	0.74642
836.99252	0.74685
835.06397	0.74695
833.13541	0.74655
831.20686	0.74564
829.27830	0.74430
827.34975	0.74279
825.42120	0.74155
823.49264	0.74105
821.56409	0.74144
819.63553	0.74257
817.70698	0.74411
815.77842	0.74555
813.84987	0.74636
811.92132	0.74615
809.99276	0.74490
808.06421	0.74293
806.13565	0.74078
804.20710	0.73909
802.27854	0.73843
800.34999	0.73901
798.42144	0.74055
796.49288	0.74255
794.56433	0.74439
792.63577	0.74546
790.70722	0.74536
788.77867	0.74410
786.85011	0.74214
784.92156	0.74011
782.99300	0.73859
781.06445	0.73814
779.13589	0.73900
777.20734	0.74091
775.27879	0.74316
773.35023	0.74502
771.42168	0.74591
769.49312	0.74553
767.56457	0.74394
765.63602	0.74159
763.70746	0.73915
761.77891	0.73726
759.85035	0.73637
757.92180	0.73655
755.99324	0.73737
754.06469	0.73823
752.13614	0.73849
750.20758	0.73769
748.27903	0.73578
746.35047	0.73307
744.42192	0.73013
742.49336	0.72757
740.56481	0.72591
738.63626	0.72539
736.70770	0.72578
734.77915	0.72642
732.85059	0.72652
730.92204	0.72562
728.99349	0.72368
727.06493	0.72087
725.13638	0.71760
723.20782	0.71452
721.27927	0.71235
719.35071	0.71156
717.42216	0.71213
715.49361	0.71350
713.56505	0.71487
711.63650	0.71553
709.70794	0.71507
707.77939	0.71342
705.85083	0.71087
703.92228	0.70813
701.99373	0.70597
700.06517	0.70495
698.13662	0.70527
696.20806	0.70671
694.27951	0.70863
692.35096	0.71016
690.42240	0.71051
688.49385	0.70922
686.56529	0.70634
684.63674	0.70233
682.70818	0.69789
680.77963	0.69384
678.85108	0.69082
676.92252	0.68911
674.99397	0.68860
673.06541	0.68875
671.13686	0.68880
669.20831	0.68814
667.27975	0.68669
665.35120	0.68466
663.42264	0.68253
661.49409	0.68097
659.56553	0.68058
657.63698	0.68169
655.70843	0.68412
653.77987	0.68724
651.85132	0.69022
649.92276	0.69222
647.99421	0.69272
646.06565	0.69163
644.13710	0.68922
642.20855	0.68607
640.27999	0.68293
638.35144	0.68058
636.42288	0.67956
634.49433	0.67985
632.56578	0.68094
630.63722	0.68203
628.70867	0.68226
626.78011	0.68096
624.85156	0.67801
622.92300	0.67405
620.99445	0.67004
619.06590	0.66682
617.13734	0.66494
615.20879	0.66452
613.28023	0.66526
611.35168	0.66664
609.42313	0.66840
607.49457	0.67028
605.56602	0.67159
603.63746	0.67166
601.70891	0.67054
599.78035	0.66868
597.85180	0.66670
595.92325	0.66527
593.99469	0.66487
592.06614	0.66570
590.13758	0.66749
588.20903	0.66951
586.28047	0.67097
584.35192	0.67151
582.42337	0.67115
580.49481	0.67011
578.56626	0.66876
576.63770	0.66751
574.70915	0.66668
572.78060	0.66643
570.85204	0.66661
568.92349	0.66708
566.99493	0.66764
565.06638	0.66785
563.13782	0.66736
561.20927	0.66629
559.28072	0.66530
557.35216	0.66496
555.42361	0.66525
553.49505	0.66590
551.56650	0.66702
549.63795	0.66882
547.70939	0.67118
545.78084	0.67367
543.85228	0.67575
541.92373	0.67697
539.99517	0.67723
538.06662	0.67653
536.13807	0.67507
534.20951	0.67338
532.28096	0.67209
530.35240	0.67176
528.42385	0.67266
526.49529	0.67432
524.56674	0.67604
522.63819	0.67743
520.70963	0.67828
518.78108	0.67844
516.85252	0.67801
514.92397	0.67740
512.99542	0.67706
511.06686	0.67737
509.13831	0.67848
507.20975	0.68030
505.28120	0.68239
503.35264	0.68409
501.42409	0.68480
499.49554	0.68409
